f1_count0=[0.8531746031746031, 0.8717948717948718, 0.8275862068965518, 0.8288973384030418, 0.8798521256931608, 0.8320610687022901, 0.8275862068965518, 0.8722627737226277, 0.8298279158699808, 0.8706739526411656, 0.8275862068965518];
f1_count1=[0.8565965583173997, 0.8814159292035398, 0.8455882352941176, 0.8440366972477065, 0.894830659536542, 0.8471454880294659, 0.8455882352941176, 0.8853615520282186, 0.843462246777164, 0.8818342151675486, 0.8455882352941176];
f1_count2=[0.8171206225680934, 0.8428571428571429, 0.788785046728972, 0.7932960893854749, 0.8457350272232306, 0.7925233644859814, 0.788785046728972, 0.841354723707665, 0.788785046728972, 0.8398576512455516, 0.788785046728972];
f1_count3=[0.823321554770318, 0.8589951377633712, 0.8201680672268908, 0.8201680672268908, 0.8655737704918033, 0.8215488215488215, 0.8201680672268908, 0.864516129032258, 0.8201680672268908, 0.8612903225806451, 0.8201680672268908];
f1_count4=[0.854368932038835, 0.8892857142857142, 0.8444444444444444, 0.8487084870848708, 0.8884892086330936, 0.8502772643253236, 0.8444444444444444, 0.8825622775800711, 0.8465804066543439, 0.8825622775800711, 0.8444444444444444];
f1_count5=[0.8232848232848231, 0.8738229755178908, 0.8198019801980199, 0.8228346456692913, 0.8778625954198473, 0.8221343873517786, 0.8198019801980199, 0.8705440900562852, 0.8198019801980199, 0.8651685393258428, 0.8198019801980199];
f1_count6=[0.8421052631578948, 0.8881889763779528, 0.8562091503267973, 0.8571428571428571, 0.8817891373801917, 0.8580750407830343, 0.8562091503267973, 0.8867924528301887, 0.8580750407830343, 0.8867924528301887, 0.8562091503267973];
f1_count7=[0.819277108433735, 0.8621236133122028, 0.8165289256198347, 0.8210180623973727, 0.8607999999999999, 0.8217821782178218, 0.8165289256198347, 0.8575949367088607, 0.8145695364238411, 0.8562401263823064, 0.8165289256198347];
f1_count8=[0.8231173380035026, 0.8691437802907916, 0.8313856427378966, 0.8391376451077944, 0.8682926829268293, 0.8372093023255813, 0.8313856427378966, 0.8649517684887459, 0.8313856427378966, 0.8649517684887459, 0.8313856427378966];
f1_count9=[0.848381601362862, 0.8867924528301887, 0.8525121555915722, 0.8576051779935275, 0.8885350318471338, 0.8557536466774716, 0.8525121555915722, 0.892018779342723, 0.8506493506493507, 0.888888888888889, 0.8525121555915722];
